550
51 29
51 29
51 29
29 3
52 3
30 3
30 3
30 3
55 3
55 3
32 3
32 3
57 3
57 33
57 4
34 4
58 34
58 34
58 34
58 34
58 8
35 8
59 8
59 36
59 36
59 36
59 11
59 37
59 12
38 12
60 38
38 13
61 38
38 14
62 14
62 39
62 39
62 39
39 17
63 17
40 17
64 17
41 17
65 41
41 18
66 41
66 19
42 19
67 19
43 19
68 43
68 43
68 43
68 22
44 22
69 22
69 22
46 22
70 22
70 22
70 48
48 23
71 48
71 48
71 48
48 26
48 26
73 26
73 26
50 26
74 50
50 27
75 50
75 28
51 28
76 51
76 29
76 52
76 52
52 31
77 52
77 52
77 52
77 34
77 34
54 34
78 34
78 55
55 35
79 55
79 55
55 37
80 37
80 37
80 57
80 38
58 38
58 38
82 58
82 58
58 40
58 40
84 58
84 41
84 59
84 59
59 43
85 43
60 43
60 43
87 43
61 43
61 43
61 43
90 61
61 44
91 44
91 44
91 44
64 44
92 44
92 44
66 44
93 44
67 44
94 44
68 44
68 44
68 44
68 44
98 68
98 45
98 45
98 70
98 70
70 47
99 70
99 48
99 48
99 72
99 49
73 49
73 49
101 73
101 73
101 51
101 51
101 51
101 51
77 51
102 77
102 77
102 53
102 78
102 54
102 79
102 79
79 56
103 56
80 56
104 80
80 57
80 57
106 57
106 57
106 82
106 58
106 58
106 58
106 58
106 86
106 59
106 59
106 88
106 88
88 61
107 61
107 89
107 89
107 63
107 90
107 64
107 64
92 64
108 92
92 65
109 65
93 65
110 65
110 65
95 65
95 65
95 65
113 65
113 96
96 66
114 96
114 67
114 97
114 68
98 68
115 68
99 68
116 68
116 68
116 101
101 69
117 69
117 102
117 70
103 70
118 70
118 104
118 71
118 71
118 106
118 72
118 107
118 73
118 108
108 74
119 74
119 109
119 109
119 76
119 76
119 111
119 111
119 111
119 79
119 112
119 80
119 80
119 114
119 114
114 82
120 114
120 114
120 84
120 115
120 115
120 115
120 87
120 116
120 116
116 89
121 116
116 90
116 90
123 90
117 90
124 117
124 117
124 92
124 92
124 92
120 92
125 120
125 93
125 121
125 94
125 122
125 122
122 96
126 122
126 122
126 98
126 123
126 123
126 100
126 124
124 101
127 101
127 125
127 125
127 103
127 126
126 104
128 126
126 105
126 105
130 126
130 106
130 127
130 107
130 128
130 128
128 109
131 128
131 110
131 129
131 129
131 129
131 113
130 113
132 113
131 113
133 131
133 131
131 115
134 131
131 116
131 116
131 116
137 131
137 131
137 131
137 119
137 132
132 120
138 120
138 120
138 134
134 121
139 121
139 121
139 121
137 121
140 121
140 121
139 121
141 139
141 139
141 139
141 139
139 125
142 125
140 125
143 125
143 141
143 141
143 141
143 128
143 142
143 129
143 129
143 129
145 143
145 130
145 144
145 131
145 145
145 132
146 132
146 146
146 133
146 133
148 133
147 133
147 133
147 133
147 133
147 133
147 133
154 133
154 148
154 134
149 134
155 134
150 134
156 150
150 135
150 135
158 150
150 136
159 150
159 137
151 137
160 137
160 152
160 152
160 152
160 140
160 153
160 153
153 142
161 142
161 142
155 142
155 142
155 142
164 155
155 143
155 143
155 143
167 143
167 143
167 143
167 143
167 159
159 144
168 144
168 160
168 160
168 160
168 160
168 160
160 149
169 149
169 161
169 161
161 151
170 151
170 162
170 152
170 163
170 153
170 153
170 153
166 153
171 166
171 166
171 166
166 156
172 166
172 157
172 157
172 168
172 158
172 169
172 159
170 159
170 159
174 159
174 171
174 171
174 171
171 162
175 171
175 171
171 164
171 164
177 164
177 164
173 164
173 164
179 173
179 173
179 173
179 173
179 173
179 169
179 169
179 169
179 169
179 177
179 177
177 171
180 171
178 171
181 171
181 171
180 171
182 171
182 181
181 172
183 181
183 173
182 173
184 182
184 174
183 174
185 183
183 175
186 183
186 183
186 177
186 184
186 184
186 184
184 180
184 180
188 184
188 181
188 181
188 186
186 182
189 182
187 182
190 187
190 187
187 184
191 187
191 185
191 188
191 186
189 186
192 189
192 187
190 187
190 187
194 187
194 187
194 187
194 187
194 187
195 187
195 195
195 195
195 189
196 195
196 195
196 191
196 191
197 191
197 197
197 197
197 193
198 197
198 194
198 198
198 195
199 198
198 196
200 198
198 197
201 197
201 199
201 198
201 200
200 199
202 200
202 200
202 201
202 201
202 201
203 201
203 201
204 201
204 204
204 202
205 204
205 203
205 203
206 205
206 205
206 205
206 205
207 205
207 207
207 206
208 207
207 207
209 207
209 208
209 208
209 209
209 209
210 209
210 210
